1,0,48
1,0,136
1,0,355
1,0,480
1,0,655
1,0,700
1,0,748
1,1,58
1,1,695
1,1,743
1,2,93
1,3,117
1,3,228
1,3,558
1,3,710
1,4,310
1,4,658
1,5,83
1,5,203
1,6,472
1,6,566
1,6,582
1,7,768
1,8,72
1,8,110
1,9,0
1,9,301
1,9,373
1,9,733
1,11,120
1,12,336
1,13,342
1,13,454
1,14,214
1,14,685
1,15,285
1,16,470
1,16,488
1,16,772
1,17,77
1,17,555
1,17,789
1,18,42
1,18,516
1,19,133
1,19,265
1,19,297
1,19,669
1,20,715
1,22,315
1,22,362
1,22,532
1,23,375
1,23,457
1,24,91
1,24,523
1,24,748
1,25,285
1,25,413
1,25,609
1,26,23
1,26,31
1,26,700
1,26,720
1,28,453
1,28,488
1,28,643
1,28,725
1,29,233
1,29,360
1,29,436
1,29,752
1,29,774
1,30,152
1,30,586
1,30,624
1,31,111
1,32,44
1,32,636
1,33,583
1,35,83
1,35,253
1,35,274
1,35,704
1,36,773
1,37,541
1,38,165
1,38,318
1,38,441
1,38,602
1,39,200
1,40,160
1,41,204
1,41,307
1,42,139
1,42,428
1,42,655
1,42,664
1,42,740
1,43,583
1,44,755
1,44,788
1,45,81
1,45,142
1,45,360
1,45,566
1,45,747
1,46,631
1,47,187
1,47,501
1,49,353
1,49,726
1,50,19
1,50,615
1,51,585
1,52,475
1,52,603
1,53,326
1,53,395
1,53,755
1,54,25
1,57,425
1,57,501
1,58,371
1,58,523
1,59,276
1,59,450
1,59,580
1,60,223
1,60,230
1,60,386
1,60,613
1,62,5
1,62,367
1,62,629
1,63,207
1,64,53
1,64,723
1,66,407
1,66,439
1,66,468
1,66,477
1,67,313
1,68,665
1,69,201
1,69,430
1,69,571
1,70,19
1,70,742
1,70,765
1,71,80
1,71,788
1,72,531
1,73,614
1,74,102
1,74,115
1,74,180
1,74,277
1,74,280
1,75,379
1,75,390
1,76,44
1,76,225
1,78,123
1,78,652
1,79,429
1,79,543
1,81,169
1,81,296
1,81,673
1,82,98
1,82,353
1,82,498
1,83,89
1,85,331
1,85,335
1,85,393
1,85,579
1,86,527
1,86,687
1,87,193
1,88,272
1,88,414
1,88,635
1,89,1
1,89,243
1,89,264
1,89,690
1,91,107
1,91,674
1,92,315
1,92,666
1,92,765
1,93,787
1,95,36
1,95,73
1,95,538
1,95,547
1,96,370
1,97,522
1,97,649
1,99,113
1,99,727
1,99,789
1,100,472
1,101,434
1,101,583
1,102,0
1,102,171
1,102,466
1,103,360
1,103,701
1,104,88
1,104,147
1,104,437
1,105,327
1,105,528
1,105,718
1,106,134
1,107,645
1,107,788
1,110,573
1,110,744
1,112,145
1,113,168
1,114,33
1,115,514
1,115,706
1,116,129
1,116,199
1,116,396
1,116,537
1,116,701
1,118,301
1,118,323
1,119,636
1,119,739
1,120,14
1,120,34
1,121,234
1,121,750
1,121,767
1,122,1
1,122,159
1,122,546
1,124,65
1,124,278
1,124,431
1,124,527
1,124,780
1,126,62
1,126,382
1,126,419
1,126,445
1,126,496
1,126,516
1,127,144
1,127,302
1,127,481
1,127,589
1,128,694
1,130,80
1,130,188
1,130,643
1,130,728
1,132,628
1,133,514
1,134,114
1,134,568
1,134,676
1,135,40
1,135,471
1,136,22
1,136,210
1,136,287
1,136,553
1,137,364
1,137,696
1,138,326
1,139,188
1,139,471
1,139,774
1,140,68
1,140,262
1,141,556
1,142,320
1,142,506
1,143,176
1,143,449
1,143,587
1,144,101
1,144,754
1,145,541
1,146,58
1,146,156
1,146,271
1,147,277
1,147,296
1,148,79
1,148,386
1,148,506
1,148,769
1,149,350
1,149,637
1,150,375
1,150,552
1,150,677
1,151,315
1,152,582
1,153,289
1,153,607
1,154,452
1,154,735
1,155,495
1,156,232
1,156,573
1,157,197
1,157,295
1,158,334
1,158,735
1,159,260
1,159,395
1,159,589
1,159,640
1,160,109
1,160,544
1,162,451
1,162,465
1,163,386
1,164,787
1,165,308
1,165,350
1,165,646
1,166,600
1,167,736
1,168,139
1,168,637
1,168,655
1,169,42
1,170,127
1,170,710
1,171,799
1,172,65
1,172,202
1,172,285
1,172,309
1,172,546
1,172,799
1,173,229
1,174,372
1,174,373
1,174,799
1,175,84
1,175,486
1,175,509
1,175,799
1,176,701
1,176,799
1,177,107
1,177,167
1,177,174
1,177,210
1,177,430
1,177,777
1,177,799
1,180,274
1,180,525
1,181,24
1,182,121
1,182,457
1,182,746
1,184,51
1,184,89
1,184,695
1,185,10
1,185,24
1,185,282
1,185,591
1,186,107
1,186,425
1,186,440
1,186,686
1,187,135
1,187,405
1,190,739
1,191,194
1,191,446
1,191,583
1,192,599
1,192,668
1,192,786
1,193,223
1,193,554
1,194,630
1,194,647
1,195,358
1,195,604
1,197,199
1,197,275
1,197,646
1,197,710
1,198,666
1,199,218
1,199,308
1,199,374
1,199,612
1,199,739
1,200,39
1,200,153
1,200,574
1,201,10
1,201,32
1,201,433
1,201,505
1,201,593
1,202,143
1,202,674
1,203,231
1,204,251
1,204,399
1,204,461
1,204,748
1,206,435
1,207,3
1,207,786
1,208,406
1,208,799
1,209,26
1,209,368
1,209,799
1,210,42
1,210,334
1,210,523
1,210,799
1,211,176
1,211,799
1,212,122
1,212,555
1,212,629
1,212,735
1,212,799
1,213,318
1,213,373
1,213,525
1,213,596
1,213,799
1,214,799
1,215,164
1,215,738
1,216,8
1,216,238
1,216,506
1,217,26
1,218,623
1,219,235
1,219,524
1,220,193
1,221,224
1,222,323
1,222,574
1,222,745
1,223,124
1,225,169
1,226,30
1,226,63
1,226,110
1,226,383
1,226,425
1,226,517
1,226,590
1,227,318
1,228,280
1,228,648
1,228,700
1,229,434
1,231,52
1,231,655
1,232,482
1,232,739
1,233,708
1,234,323
1,234,335
1,235,183
1,235,512
1,236,355
1,237,33
1,237,119
1,238,254
1,238,420
1,239,93
1,239,755
1,240,173
1,240,464
1,241,96
1,241,264
1,241,611
1,241,683
1,241,759
1,244,579
1,244,651
1,244,696
1,245,295
1,245,367
1,245,517
1,246,199
1,247,278
1,247,562
1,248,445
1,248,645
1,250,168
1,251,306
1,252,368
1,252,696
1,253,7
1,253,33
1,253,347
1,253,509
1,255,239
1,255,243
1,255,351
1,255,503
1,256,563
1,256,584
1,257,711
1,258,123
1,259,477
1,259,549
1,259,706
1,261,595
1,262,85
1,262,132
1,262,381
1,263,411
1,264,245
1,265,743
1,266,45
1,266,57
1,266,442
1,267,79
1,267,520
1,267,732
1,268,427
1,268,514
1,270,109
1,270,272
1,271,27
1,272,342
1,273,775
1,274,312
1,274,465
1,275,94
1,275,168
1,275,366
1,275,628
1,276,118
1,276,288
1,276,481
1,276,618
1,276,692
1,277,635
1,278,369
1,279,29
1,279,512
1,280,184
1,281,394
1,281,667
1,281,678
1,281,704
1,282,70
1,282,403
1,283,340
1,285,73
1,285,265
1,285,275
1,285,787
1,286,208
1,288,223
1,288,358
1,288,541
1,288,621
1,289,221
1,289,773
1,290,509
1,291,312
1,291,322
1,291,577
1,291,609
1,292,480
1,292,581
1,293,438
1,293,799
1,294,151
1,294,178
1,294,195
1,294,637
1,295,2
1,295,92
1,297,521
1,298,56
1,298,668
1,299,436
1,299,780
1,300,628
1,300,765
1,301,228
1,301,683
1,302,64
1,302,289
1,302,621
1,303,799
1,304,281
1,304,799
1,305,347
1,305,570
1,305,614
1,305,650
1,305,799
1,306,322
1,306,670
1,306,799
1,307,195
1,307,654
1,308,154
1,308,597
1,308,696
1,308,790
1,309,557
1,309,677
1,310,177
1,310,715
1,311,354
1,311,518
1,312,210
1,312,469
1,312,537
1,313,564
1,314,308
1,315,21
1,315,86
1,315,153
1,315,417
1,315,534
1,315,669
1,316,432
1,317,506
1,318,322
1,318,578
1,319,727
1,320,101
1,320,437
1,320,709
1,321,241
1,322,790
1,323,474
1,323,562
1,324,662
1,325,49
1,327,358
1,327,750
1,328,92
1,328,721
1,329,110
1,330,536
1,330,552
1,330,745
1,331,123
1,331,129
1,331,283
1,331,772
1,332,191
1,332,341
1,332,465
1,332,568
1,333,41
1,335,736
1,336,218
1,336,363
1,336,386
1,336,438
1,338,622
1,339,464
1,340,36
1,340,482
1,340,767
1,340,799
1,341,96
1,342,448
1,342,638
1,343,273
1,344,483
1,344,777
1,346,105
1,346,312
1,347,76
1,347,293
1,347,515
1,347,745
1,348,210
1,348,607
1,349,125
1,349,380
1,350,692
1,351,231
1,352,59
1,352,319
1,353,333
1,353,570
1,354,464
1,354,656
1,354,680
1,354,769
1,355,176
1,355,759
1,356,84
1,356,365
1,356,638
1,356,708
1,357,503
1,357,608
1,359,199
1,359,357
1,360,589
1,361,623
1,361,647
1,362,214
1,362,665
1,362,695
1,363,113
1,365,188
1,365,432
1,366,299
1,366,350
1,366,595
1,366,613
1,367,132
1,367,466
1,368,1
1,368,438
1,369,125
1,369,211
1,369,418
1,369,491
1,371,75
1,371,777
1,372,40
1,372,229
1,372,368
1,372,538
1,373,389
1,373,529
1,374,325
1,374,414
1,374,736
1,375,236
1,375,340
1,376,259
1,376,562
1,377,24
1,377,709
1,378,402
1,378,508
1,379,153
1,379,359
1,381,164
1,381,226
1,381,783
1,382,60
1,382,346
1,382,538
1,382,579
1,382,604
1,382,770
1,382,799
1,383,208
1,383,307
1,383,456
1,383,703
1,383,737
1,384,373
1,384,652
1,385,51
1,385,434
1,385,691
1,386,137
1,386,553
1,386,634
1,387,84
1,388,120
1,389,13
1,389,383
1,390,442
1,390,507
1,391,7
1,391,45
1,392,281
1,393,497
1,393,551
1,393,799
1,395,143
1,395,381
1,397,734
1,398,82
1,398,615
1,398,648
1,399,468
1,400,482
1,400,514
1,400,615
1,400,666
1,401,645
1,401,688
1,403,26
1,403,258
1,403,352
1,403,387
1,403,553
1,403,606
1,403,684
1,404,139
1,405,340
1,405,785
1,406,59
1,406,200
1,406,457
1,406,637
1,407,361
1,407,529
1,408,35
1,408,117
1,408,545
1,409,118
1,409,396
1,409,752
1,409,762
1,410,40
1,411,247
1,411,345
1,412,3
1,412,47
1,412,103
1,412,364
1,413,172
1,414,136
1,414,507
1,414,703
1,415,62
1,415,292
1,415,650
1,415,665
1,416,571
1,416,579
1,416,736
1,418,678
1,419,150
1,419,235
1,419,428
1,420,120
1,420,553
1,421,500
1,421,592
1,422,25
1,422,349
1,422,458
1,422,721
1,423,293
1,423,608
1,423,619
1,424,645
1,425,560
1,426,25
1,426,40
1,427,0
1,427,633
1,428,409
1,428,417
1,428,434
1,428,483
1,428,503
1,429,268
1,430,61
1,432,35
1,432,146
1,432,531
1,432,799
1,433,292
1,433,529
1,434,87
1,434,131
1,435,54
1,435,569
1,436,516
1,436,588
1,437,187
1,437,222
1,438,131
1,438,739
1,439,154
1,439,339
1,439,760
1,439,777
1,440,713
1,441,310
1,441,328
1,442,157
1,442,190
1,443,17
1,443,47
1,443,444
1,443,719
1,443,756
1,444,209
1,444,728
1,446,245
1,446,632
1,447,14
1,447,298
1,447,653
1,448,7
1,449,302
1,450,138
1,450,442
1,450,571
1,451,547
1,452,463
1,452,526
1,452,743
1,453,699
1,454,482
1,455,106
1,456,641
1,456,709
1,457,229
1,459,731
1,460,332
1,461,151
1,461,434
1,463,194
1,463,325
1,463,689
1,463,761
1,464,177
1,464,216
1,464,222
1,465,120
1,465,470
1,465,716
1,466,334
1,467,799
1,468,268
1,468,573
1,468,799
1,469,357
1,469,371
1,470,509
1,471,679
1,472,117
1,473,722
1,475,5
1,475,527
1,476,132
1,476,614
1,477,28
1,478,13
1,478,432
1,479,370
1,479,742
1,480,704
1,481,592
1,482,250
1,484,300
1,484,799
1,485,614
1,485,799
1,487,87
1,487,503
1,487,549
1,487,658
1,489,168
1,489,716
1,490,113
1,490,143
1,490,477
1,491,29
1,491,77
1,491,359
1,491,567
1,491,616
1,492,365
1,492,598
1,493,52
1,493,103
1,493,221
1,493,704
1,494,386
1,495,9
1,495,663
1,498,12
1,498,416
1,498,633
1,498,732
1,499,53
1,499,652
1,499,710
1,500,583
1,500,745
1,500,764
1,501,314
1,502,259
1,502,597
1,502,676
1,503,212
1,503,382
1,504,206
1,504,313
1,508,302
1,508,539
1,508,565
1,508,592
1,509,509
1,509,638
1,510,198
1,511,242
1,511,562
1,511,734
1,512,281
1,512,596
1,513,147
1,513,382
1,513,620
1,514,165
1,514,419
1,514,654
1,515,314
1,515,351
1,515,580
1,516,25
1,516,392
1,516,468
1,516,768
1,516,781
1,517,541
1,517,615
1,518,400
1,518,601
1,518,759
1,520,10
1,521,141
1,521,577
1,522,208
1,523,110
1,523,177
1,523,301
1,524,39
1,524,482
1,526,304
1,526,584
1,526,715
1,527,16
1,528,258
1,528,750
1,529,61
1,529,65
1,529,694
1,530,497
1,530,634
1,530,638
1,530,788
1,531,14
1,531,86
1,531,234
1,531,590
1,531,799
1,534,152
1,534,378
1,534,603
1,534,674
1,534,779
1,535,134
1,535,369
1,535,560
1,535,655
1,535,763
1,537,350
1,537,660
1,537,718
1,538,126
1,538,182
1,538,261
1,538,480
1,539,152
1,539,210
1,539,697
1,540,87
1,541,275
1,541,297
1,541,725
1,543,40
1,543,799
1,544,486
1,545,202
1,545,296
1,545,416
1,545,774
1,546,234
1,547,180
1,547,630
1,548,742
1,549,82
1,549,386
1,549,427
1,549,506
1,550,59
1,550,165
1,550,633
1,550,689
1,551,780
1,552,31
1,552,107
1,552,534
1,553,547
1,553,605
1,554,396
1,554,609
1,554,749
1,555,389
1,556,361
1,556,448
1,556,662
1,557,501
1,557,636
1,557,653
1,558,23
1,558,52
1,559,375
1,559,754
1,559,781
1,561,284
1,561,368
1,561,462
1,564,428
1,564,553
1,565,526
1,566,78
1,566,194
1,566,285
1,566,294
1,566,327
1,567,503
1,568,555
1,569,192
1,570,322
1,571,525
1,572,81
1,572,171
1,573,477
1,573,713
1,574,176
1,574,411
1,575,138
1,575,749
1,576,235
1,577,313
1,578,270
1,579,383
1,582,31
1,582,412
1,583,337
1,584,90
1,584,181
1,584,354
1,585,401
1,585,445
1,586,739
1,588,31
1,588,135
1,588,508
1,588,667
1,589,341
1,589,624
1,590,682
1,590,719
1,590,779
1,591,325
1,591,703
1,592,283
1,593,198
1,593,216
1,593,554
1,594,212
1,595,164
1,596,779
1,597,5
1,597,474
1,599,36
1,599,187
1,599,536
1,599,676
1,600,183
1,600,330
1,601,78
1,601,541
1,603,337
1,604,353
1,604,437
1,606,234
1,606,555
1,608,115
1,608,162
1,608,172
1,609,54
1,609,100
1,609,316
1,609,588
1,610,18
1,610,270
1,610,372
1,612,301
1,612,766
1,612,779
1,613,29
1,613,96
1,613,203
1,613,348
1,613,612
1,615,594
1,616,146
1,616,422
1,617,55
1,618,659
1,619,224
1,619,567
1,620,618
1,621,0
1,621,523
1,622,28
1,622,218
1,623,9
1,623,43
1,623,121
1,623,437
1,623,752
1,626,366
1,627,180
1,627,533
1,627,683
1,629,406
1,629,785
1,630,239
1,630,327
1,630,780
1,631,45
1,631,361
1,632,722
1,633,600
1,634,190
1,634,261
1,634,337
1,634,414
1,634,580
1,635,20
1,635,506
1,635,659
1,636,111
1,636,258
1,637,393
1,637,424
1,638,119
1,639,184
1,639,499
1,639,619
1,640,60
1,640,103
1,640,438
1,640,568
1,640,741
1,640,761
1,641,287
1,641,666
1,642,593
1,643,276
1,645,83
1,645,507
1,646,748
1,647,53
1,647,441
1,648,23
1,649,570
1,649,602
1,650,302
1,650,450
1,650,483
1,650,786
1,651,337
1,651,652
1,652,240
1,653,158
1,653,515
1,653,542
1,655,712
1,656,81
1,657,408
1,658,764
1,659,161
1,659,489
1,659,721
1,659,745
1,660,80
1,660,151
1,660,726
1,660,781
1,662,46
1,662,358
1,662,585
1,662,799
1,663,703
1,663,799
1,664,258
1,664,799
1,665,450
1,665,525
1,665,626
1,665,672
1,665,731
1,665,799
1,666,113
1,666,171
1,666,664
1,666,790
1,666,799
1,667,129
1,668,294
1,668,309
1,669,213
1,670,249
1,671,44
1,671,59
1,671,205
1,671,688
1,673,267
1,674,607
1,676,565
1,677,108
1,678,234
1,678,381
1,678,509
1,679,96
1,680,417
1,680,437
1,680,527
1,681,203
1,682,289
1,682,500
1,683,370
1,684,469
1,684,516
1,684,742
1,685,671
1,685,691
1,686,142
1,687,111
1,687,720
1,688,322
1,688,370
1,689,92
1,689,449
1,689,630
1,690,64
1,692,141
1,692,598
1,692,676
1,693,412
1,693,439
1,694,228
1,694,720
1,695,27
1,695,408
1,695,536
1,696,97
1,696,306
1,696,392
1,697,13
1,697,15
1,698,611
1,699,517
1,700,387
1,700,677
1,701,182
1,701,727
1,703,131
1,703,602
1,705,207
1,705,524
1,706,140
1,706,699
1,707,185
1,708,195
1,708,691
1,709,471
1,710,624
1,710,789
1,711,434
1,713,3
1,713,7
1,713,205
1,713,705
1,714,239
1,715,126
1,715,366
1,715,456
1,715,490
1,716,44
1,716,773
1,717,743
1,718,359
1,718,500
1,719,789
1,720,163
1,720,314
1,720,622
1,721,24
1,721,429
1,721,670
1,721,799
1,722,60
1,722,108
1,722,194
1,722,799
1,723,225
1,723,625
1,723,799
1,724,562
1,724,688
1,724,799
1,725,17
1,725,799
1,726,316
1,726,382
1,726,799
1,727,799
1,728,268
1,728,437
1,728,588
1,728,612
1,728,635
1,728,748
1,728,768
1,728,799
1,729,296
1,729,368
1,730,267
1,731,565
1,732,284
1,733,327
1,734,22
1,734,799
1,735,182
1,735,575
1,735,799
1,736,6
1,736,546
1,736,799
1,737,292
1,737,319
1,737,390
1,737,640
1,737,716
1,737,799
1,738,461
1,738,519
1,738,611
1,738,799
1,739,261
1,739,704
1,739,799
1,740,125
1,740,658
1,741,40
1,741,554
1,742,529
1,743,513
1,743,786
1,744,3
1,744,799
1,745,382
1,745,394
1,745,409
1,745,799
1,746,499
1,746,776
1,746,799
1,747,257
1,747,799
1,748,669
1,748,799
1,749,117
1,749,364
1,749,470
1,749,628
1,749,799
1,750,745
1,750,799
1,751,425
1,751,600
1,751,617
1,751,685
1,751,799
1,752,401
1,752,773
1,752,799
1,753,730
1,754,447
1,754,566
1,756,436
1,757,36
1,757,503
1,757,608
1,758,381
1,758,493
1,759,172
1,759,631
1,761,351
1,761,452
1,761,689
1,761,733
1,762,64
1,762,214
1,763,193
1,764,378
1,765,534
1,766,183
1,766,498
1,766,757
1,767,52
1,767,461
1,768,7
1,768,202
1,768,360
1,769,379
1,770,93
1,770,352
1,770,657
1,771,514
1,771,576
1,772,307
1,774,464
1,775,384
1,775,597
1,775,648
1,775,676
1,776,242
1,776,483
1,776,700
1,777,606
1,777,639
1,778,276
1,778,337
1,779,145
1,779,312
1,781,261
1,781,584
1,782,755
1,783,5
1,783,168
1,783,458
1,783,696
1,785,503
1,785,752
1,786,14
1,786,307
1,786,628
1,787,77
1,787,436
1,788,204
1,788,550
1,788,799
1,790,473
1,792,790
1,793,132
1,793,356
1,794,284
1,794,569
1,799,8
1,799,9
1,799,10
1,799,11
1,799,12
1,799,13
1,799,14
1,799,28
1,799,29
1,799,30
1,799,44
1,799,91
1,799,92
1,799,93
1,799,94
1,799,95
1,799,96
1,799,97
1,799,136
1,799,137
1,799,138
1,799,139
1,799,140
1,799,141
1,799,155
1,799,156
1,799,157
1,799,158
1,799,159
1,799,174
1,799,175
1,799,176
1,799,177
1,799,178
1,799,179
1,799,180
1,799,187
1,799,188
1,799,189
1,799,190
1,799,191
1,799,212
1,799,213
1,799,214
1,799,215
1,799,216
1,799,223
1,799,224
1,799,225
1,799,226
1,799,227
1,799,228
1,799,229
1,799,263
1,799,293
1,799,342
1,799,343
1,799,344
1,799,386
1,799,387
1,799,388
1,799,389
1,799,397
1,799,398
1,799,399
1,799,400
1,799,544
1,799,545
1,799,546
1,799,547
1,799,548
1,799,554
1,799,555
1,799,556
1,799,566
1,799,567
1,799,598
1,799,599
1,799,600
1,799,601
1,799,602
1,799,603
1,799,604
1,799,648
1,799,649
1,799,650
1,799,651
1,799,652
1,799,653
1,799,654
1,799,655
1,799,656
1,799,723
2,0,529
2,1,158
2,3,610
2,5,20
2,6,495
2,7,636
2,11,58
2,11,180
2,12,363
2,14,799
2,15,246
2,15,799
2,16,236
2,16,799
2,17,396
2,17,799
2,18,799
2,19,799
2,20,159
2,20,799
2,21,799
2,22,799
2,23,196
2,23,799
2,24,101
2,24,799
2,27,180
2,27,216
2,28,328
2,28,688
2,32,799
2,33,799
2,34,799
2,35,66
2,35,292
2,36,338
2,37,374
2,38,679
2,39,37
2,39,396
2,40,100
2,40,410
2,40,509
2,40,799
2,41,230
2,41,799
2,42,769
2,42,799
2,44,799
2,45,799
2,46,799
2,47,251
2,47,799
2,48,799
2,49,799
2,51,799
2,52,799
2,53,799
2,54,799
2,55,799
2,56,103
2,56,163
2,56,648
2,56,702
2,56,799
2,57,119
2,57,537
2,57,799
2,58,677
2,58,799
2,59,799
2,60,799
2,61,714
2,61,799
2,62,799
2,63,799
2,64,304
2,64,799
2,65,799
2,66,799
2,67,799
2,68,257
2,68,346
2,68,799
2,69,799
2,70,549
2,70,799
2,71,799
2,72,12
2,72,454
2,72,598
2,72,799
2,73,799
2,74,799
2,76,196
2,77,58
2,77,584
2,77,637
2,77,799
2,78,139
2,80,715
2,81,783
2,84,559
2,84,737
2,86,652
2,87,64
2,87,370
2,87,450
2,87,607
2,88,210
2,89,134
2,89,799
2,90,799
2,91,799
2,92,799
2,93,799
2,94,799
2,95,253
2,95,799
2,96,799
2,97,799
2,98,17
2,98,284
2,98,448
2,98,799
2,99,799
2,100,51
2,101,208
2,101,488
2,102,740
2,102,799
2,104,407
2,108,627
2,110,384
2,112,242
2,113,271
2,113,799
2,114,107
2,114,321
2,114,340
2,114,799
2,115,593
2,115,799
2,116,799
2,117,679
2,117,799
2,118,613
2,118,799
2,119,799
2,120,457
2,124,569
2,125,359
2,126,260
2,127,154
2,133,199
2,134,418
2,134,607
2,135,799
2,136,799
2,137,435
2,137,799
2,138,762
2,138,799
2,139,342
2,140,238
2,140,313
2,140,640
2,140,739
2,143,17
2,144,49
2,146,799
2,147,248
2,147,799
2,148,799
2,149,799
2,150,135
2,150,666
2,151,487
2,155,799
2,156,84
2,156,523
2,156,799
2,157,799
2,158,24
2,158,425
2,158,621
2,158,799
2,159,7
2,159,777
2,159,799
2,160,799
2,161,174
2,161,799
2,162,799
2,163,408
2,163,799
2,164,799
2,165,190
2,165,799
2,166,799
2,167,799
2,168,503
2,168,564
2,168,799
2,169,799
2,170,799
2,171,332
2,172,223
2,173,799
2,174,618
2,174,724
2,175,678
2,177,463
2,178,799
2,179,247
2,179,293
2,179,799
2,180,536
2,180,799
2,181,799
2,183,392
2,184,324
2,185,71
2,185,562
2,187,488
2,187,762
2,192,342
2,194,56
2,198,121
2,202,288
2,204,452
2,204,478
2,204,799
2,205,497
2,205,701
2,205,799
2,206,100
2,206,776
2,206,799
2,207,799
2,209,268
2,209,386
2,211,82
2,213,695
2,214,345
2,215,103
2,215,564
2,215,799
2,216,536
2,216,799
2,217,799
2,218,799
2,219,799
2,220,799
2,221,799
2,222,799
2,223,80
2,223,290
2,224,182
2,224,358
2,226,410
2,229,369
2,229,679
2,230,555
2,230,799
2,231,544
2,231,799
2,232,799
2,233,140
2,233,779
2,235,635
2,238,382
2,238,726
2,238,799
2,239,239
2,239,799
2,240,498
2,240,799
2,241,799
2,242,799
2,245,64
2,245,591
2,245,799
2,246,799
2,247,799
2,248,799
2,250,671
2,251,214
2,251,776
2,253,617
2,255,399
2,256,799
2,257,187
2,257,799
2,258,96
2,258,434
2,258,799
2,259,799
2,260,336
2,260,799
2,261,799
2,264,22
2,265,750
2,267,387
2,268,197
2,268,292
2,268,646
2,269,168
2,269,326
2,270,457
2,272,494
2,278,42
2,283,243
2,284,597
2,284,699
2,287,724
2,288,503
2,288,799
2,289,799
2,290,745
2,290,799
2,291,431
2,291,799
2,292,799
2,293,551
2,294,799
2,295,207
2,295,799
2,296,799
2,297,799
2,298,496
2,298,799
2,299,130
2,299,799
2,300,242
2,300,799
2,302,33
2,302,449
2,303,403
2,304,99
2,305,127
2,307,799
2,308,376
2,308,799
2,309,799
2,310,402
2,310,774
2,310,799
2,314,339
2,315,13
2,317,65
2,317,757
2,319,227
2,321,385
2,322,291
2,322,450
2,323,497
2,325,254
2,325,691
2,326,29
2,328,401
2,328,425
2,328,614
2,330,591
2,333,69
2,334,11
2,334,782
2,336,79
2,336,153
2,336,518
2,336,799
2,337,603
2,337,799
2,338,161
2,338,232
2,338,285
2,338,799
2,339,799
2,341,500
2,345,344
2,346,736
2,347,584
2,348,250
2,349,420
2,349,799
2,350,534
2,350,799
2,351,19
2,351,799
2,352,799
2,353,185
2,353,799
2,354,799
2,355,799
2,356,403
2,356,799
2,357,455
2,358,799
2,359,550
2,359,799
2,360,799
2,361,257
2,361,514
2,361,799
2,362,275
2,362,799
2,363,799
2,364,48
2,364,140
2,364,799
2,368,755
2,369,289
2,371,719
2,372,688
2,374,629
2,376,799
2,377,11
2,377,100
2,377,467
2,377,799
2,379,87
2,383,269
2,383,799
2,384,799
2,385,332
2,385,799
2,386,799
2,387,238
2,388,669
2,388,799
2,389,799
2,390,191
2,390,799
2,391,799
2,392,799
2,394,313
2,394,569
2,394,761
2,394,799
2,395,531
2,395,799
2,396,292
2,396,722
2,396,799
2,397,799
2,398,97
2,398,799
2,399,129
2,399,205
2,399,415
2,399,799
2,401,276
2,401,595
2,408,441
2,411,799
2,412,491
2,412,799
2,413,719
2,413,799
2,414,225
2,414,307
2,414,799
2,415,407
2,416,265
2,416,468
2,416,781
2,424,164
2,424,325
2,425,757
2,426,213
2,426,799
2,427,692
2,427,799
2,428,358
2,428,381
2,428,799
2,429,799
2,430,799
2,431,492
2,431,799
2,432,70
2,433,799
2,434,799
2,435,799
2,436,799
2,437,799
2,438,799
2,440,393
2,441,285
2,441,666
2,443,103
2,444,268
2,445,799
2,446,592
2,449,605
2,451,355
2,453,169
2,456,420
2,456,799
2,457,799
2,458,259
2,458,376
2,459,38
2,459,519
2,460,626
2,461,646
2,462,503
2,464,745
2,464,774
2,465,281
2,465,399
2,465,536
2,465,663
2,467,235
2,469,474
2,469,799
2,470,59
2,470,195
2,470,799
2,471,83
2,471,799
2,472,799
2,473,552
2,473,799
2,474,295
2,474,799
2,475,72
2,475,426
2,475,799
2,476,799
2,477,799
2,478,799
2,479,459
2,479,799
2,480,43
2,480,325
2,480,799
2,481,642
2,481,767
2,482,567
2,483,156
2,483,399
2,486,787
2,486,799
2,487,197
2,487,799
2,488,771
2,488,799
2,489,537
2,489,799
2,490,691
2,490,799
2,491,755
2,492,444
2,492,466
2,494,799
2,495,346
2,495,407
2,495,799
2,496,799
2,497,799
2,498,799
2,499,799
2,500,93
2,500,232
2,500,799
2,501,799
2,502,799
2,503,138
2,503,496
2,503,779
2,503,799
2,504,799
2,506,524
2,507,663
2,509,437
2,511,75
2,515,719
2,517,433
2,518,254
2,518,508
2,520,275
2,521,450
2,522,95
2,525,799
2,526,799
2,527,543
2,527,799
2,528,799
2,529,337
2,529,799
2,530,187
2,530,799
2,532,799
2,533,799
2,534,799
2,535,319
2,535,799
2,536,799
2,537,224
2,538,799
2,539,399
2,539,443
2,539,799
2,540,799
2,541,100
2,541,799
2,542,799
2,544,799
2,545,464
2,545,799
2,546,256
2,546,799
2,547,799
2,548,19
2,548,332
2,548,799
2,549,799
2,550,135
2,550,348
2,550,522
2,553,10
2,555,213
2,557,242
2,557,310
2,560,587
2,560,727
2,561,692
2,562,66
2,563,799
2,564,134
2,564,799
2,565,799
2,566,799
2,567,799
2,568,799
2,569,799
2,570,799
2,571,799
2,572,357
2,572,799
2,573,215
2,573,799
2,574,571
2,576,96
2,576,252
2,576,799
2,577,486
2,577,799
2,578,597
2,578,656
2,578,799
2,579,799
2,580,6
2,580,799
2,581,156
2,581,799
2,582,69
2,582,634
2,582,736
2,582,799
2,583,294
2,584,570
2,585,245
2,587,114
2,587,606
2,589,387
2,589,799
2,590,634
2,590,757
2,590,799
2,591,799
2,592,799
2,593,54
2,594,461
2,597,371
2,599,605
2,600,304
2,601,265
2,601,511
2,602,387
2,602,424
2,602,712
2,604,663
2,604,799
2,605,799
2,606,406
2,606,563
2,606,799
2,607,245
2,607,687
2,607,799
2,608,740
2,608,799
2,609,634
2,616,127
2,616,469
2,618,77
2,621,380
2,621,648
2,622,283
2,623,701
2,623,721
2,624,492
2,627,84
2,627,738
2,628,109
2,630,158
2,631,549
2,633,211
2,633,310
2,634,449
2,638,528
2,638,687
2,641,321
2,643,238
2,644,799
2,645,140
2,645,799
2,646,799
2,647,767
2,647,799
2,648,799
2,649,16
2,649,352
2,649,384
2,649,799
2,651,278
2,651,686
2,652,551
2,652,635
2,653,217
2,653,574
2,654,65
2,654,428
2,657,799
2,659,441
2,661,283
2,661,469
2,662,374
2,663,180
2,667,799
2,668,799
2,669,226
2,669,799
2,670,339
2,670,799
2,672,755
2,676,580
2,676,595
2,678,492
2,682,162
2,682,401
2,682,620
2,684,22
2,684,645
2,684,773
2,685,7
2,685,306
2,685,754
2,688,47
2,688,545
2,689,703
2,689,785
2,690,270
2,690,799
2,691,251
2,693,75
2,698,275
2,699,161
2,700,368
2,703,584
2,704,480
2,704,564
2,704,642
2,705,225
2,705,463
2,706,73
2,706,313
2,707,799
2,708,752
2,708,799
2,709,294
2,709,345
2,709,510
2,709,799
2,710,331
2,710,799
2,711,46
2,711,799
2,712,411
2,712,799
2,713,799
2,714,173
2,714,551
2,714,799
2,715,799
2,716,799
2,719,280
2,719,526
2,720,599
2,720,758
2,720,799
2,728,476
2,728,655
2,730,218
2,733,71
2,738,63
2,738,349
2,738,362
2,739,170
2,742,91
2,742,228
2,744,441
2,745,277
2,745,656
2,746,337
2,746,723
2,747,188
2,751,79
2,753,584
2,753,799
2,754,293
2,755,125
2,755,205
2,755,300
2,757,799
2,758,704
2,760,327
2,763,784
2,765,148
2,765,799
2,766,799
2,767,799
2,768,799
2,769,707
2,770,553
2,771,411
2,772,112
2,773,799
2,774,799
2,775,228
2,775,799
2,776,37
2,777,401
2,777,620
2,778,26
2,779,732
2,780,116
2,781,769
2,782,514
2,789,181
2,789,799
2,790,799
2,791,799
2,792,799
2,799,4
2,799,5
2,799,6
2,799,7
2,799,19
2,799,31
2,799,32
2,799,33
2,799,34
2,799,38
2,799,39
2,799,40
2,799,41
2,799,42
2,799,43
2,799,45
2,799,46
2,799,47
2,799,48
2,799,49
2,799,50
2,799,70
2,799,71
2,799,72
2,799,73
2,799,83
2,799,84
2,799,85
2,799,86
2,799,87
2,799,88
2,799,89
2,799,90
2,799,98
2,799,99
2,799,100
2,799,101
2,799,132
2,799,133
2,799,134
2,799,135
2,799,147
2,799,148
2,799,160
2,799,161
2,799,162
2,799,163
2,799,170
2,799,171
2,799,172
2,799,173
2,799,181
2,799,185
2,799,186
2,799,192
2,799,193
2,799,194
2,799,195
2,799,197
2,799,198
2,799,199
2,799,200
2,799,201
2,799,202
2,799,203
2,799,204
2,799,205
2,799,206
2,799,207
2,799,211
2,799,230
2,799,231
2,799,232
2,799,233
2,799,235
2,799,236
2,799,237
2,799,238
2,799,239
2,799,240
2,799,241
2,799,242
2,799,243
2,799,244
2,799,245
2,799,246
2,799,247
2,799,257
2,799,258
2,799,259
2,799,260
2,799,261
2,799,262
2,799,264
2,799,265
2,799,266
2,799,267
2,799,268
2,799,269
2,799,287
2,799,288
2,799,289
2,799,290
2,799,291
2,799,292
2,799,294
2,799,295
2,799,296
2,799,297
2,799,298
2,799,299
2,799,308
2,799,309
2,799,310
2,799,311
2,799,312
2,799,313
2,799,314
2,799,315
2,799,332
2,799,333
2,799,334
2,799,335
2,799,336
2,799,337
2,799,339
2,799,340
2,799,341
2,799,353
2,799,354
2,799,355
2,799,382
2,799,383
2,799,384
2,799,385
2,799,401
2,799,402
2,799,403
2,799,404
2,799,417
2,799,418
2,799,419
2,799,420
2,799,421
2,799,422
2,799,423
2,799,424
2,799,438
2,799,439
2,799,440
2,799,441
2,799,442
2,799,465
2,799,466
2,799,467
2,799,468
2,799,469
2,799,470
2,799,472
2,799,473
2,799,474
2,799,475
2,799,476
2,799,477
2,799,478
2,799,479
2,799,480
2,799,481
2,799,482
2,799,483
2,799,484
2,799,485
2,799,486
2,799,487
2,799,488
2,799,489
2,799,490
2,799,511
2,799,533
2,799,534
2,799,535
2,799,536
2,799,537
2,799,538
2,799,568
2,799,569
2,799,570
2,799,571
2,799,594
2,799,595
2,799,596
2,799,597
2,799,605
2,799,606
2,799,607
2,799,608
2,799,613
2,799,614
2,799,615
2,799,616
2,799,617
2,799,618
2,799,619
2,799,620
2,799,621
2,799,622
2,799,623
2,799,635
2,799,644
2,799,645
2,799,646
2,799,647
2,799,657
2,799,658
2,799,659
2,799,660
2,799,688
2,799,689
2,799,690
2,799,691
2,799,692
2,799,693
2,799,694
2,799,718
2,799,719
2,799,720
2,799,721
2,799,722
2,799,733
2,799,734
2,799,735
2,799,736
2,799,739
2,799,740
2,799,741
2,799,742
2,799,743
2,799,744
2,799,745
